# Created by Octave 6.2.0, Wed Apr 07 20:57:43 2021 GMT <unknown@DESKTOP-AKASH>
# name: v
# type: matrix
# rows: 11
# columns: 1
 23
 23
 43
 56
 76
 87
 45
 767
 98
 45
 45


